4,3
4,2
4,1
4,0
3,6
3,5
3,4
3,3
3,2
3,1
3,0
2,3
2,2
2,1
2,0
1,3
1,2
1,1
1,0
0,314
0,309
0,301
0,243
0,9
0,310
0,305
0,432
0,407
0,325
0,479
0,459
0,455
0,450
0,446
0,434
0,367
0,453
0,465
0,494
0,460
0,452
0,461
0,334
0,308
0,304
0,303
0,302
0,307
0,444
0,12
0,373
0,10
0,477
0,8
0,0
0,363
0,300
0,470
0,299
0,430
0,298
0,312
0,297
0,388
0,296
0,487
0,295
0,311
0,294
0,385
0,293
0,292
0,329
0,291
0,466
0,290
0,341
0,289
0,381
0,288
0,406
0,287
0,500
0,286
0,435
0,285
0,499
0,284
0,496
0,283
0,361
0,282
0,359
0,281
0,280
0,429
0,279
0,483
0,278
0,387
0,277
0,396
0,276
0,378
0,275
0,405
0,274
0,355
0,273
0,352
0,272
0,427
0,271
0,481
0,270
0,389
0,269
0,400
0,268
0,340
0,267
0,493
0,266
0,510
0,265
0,509
0,264
0,354
0,263
0,339
0,262
0,261
0,404
0,260
0,399
0,259
0,342
0,258
0,419
0,257
0,508
0,256
0,333
0,255
0,439
0,254
0,418
0,253
0,507
0,252
0,426
0,251
0,438
0,250
0,431
0,249
0,353
0,248
0,386
0,247
0,417
0,246
0,327
0,245
0,351
0,244
0,397
0,242
0,408
0,241
0,413
0,240
0,492
0,239
0,346
0,238
0,436
0,237
0,482
0,236
0,235
0,472
0,234
0,395
0,233
0,428
0,232
0,306
0,231
0,488
0,230
0,394
0,229
0,372
0,228
0,324
0,227
0,423
0,226
0,393
0,225
0,369
0,224
0,467
0,223
0,349
0,222
0,392
0,221
0,320
0,220
0,511
0,219
0,424
0,218
0,343
0,217
0,391
0,216
0,505
0,215
0,214
0,422
0,213
0,347
0,212
0,437
0,211
0,403
0,210
0,401
0,209
0,489
0,208
0,420
0,207
0,416
0,206
0,368
0,205
0,409
0,204
0,318
0,203
0,202
0,335
0,201
0,384
0,200
0,421
0,199
0,358
0,198
0,317
0,197
0,473
0,196
0,414
0,195
0,366
0,194
0,364
0,193
0,390
0,192
0,497
0,63
0,425
0,62
0,376
0,61
0,442
0,60
0,345
0,59
0,415
0,58
0,441
0,57
0,440
0,56
0,398
0,55
0,410
0,54
0,316
0,53
0,330
0,52
0,402
0,51
0,491
0,50
0,315
0,49
0,313
0,48
0,380
0,47
0,412
0,46
0,362
0,45
0,379
0,6
0,5
0,1
0,433
0,11
0,4
0,2
0,3
0,7
